11111111111111111111111111111111111111111111111111111111111111111111111111111111111111111111111111111111111111111111111111111111111111111111
11444144144141411111114111144444444111114141441441444411414141114414414144414414144141114111141144414414111111111111111111111111111111111111
11144414414414141111111411114444444411111414144144144441141414111441441414441441414414111411114114441441411111111111111111111111111111111111
14114441441441414111111141111444444441111141414414414444114141411144144141444144141441411141111411444144141111111111111111111111111111111111
11411444144144141411111114111144444444111114141433443333313333141114414414144414414144141114111141143333414111111111111111111111111111111111
11141144414414414141111111411114444444411111414133333333333333334111441441414441441414414111411114113333341411111111111111111111111111111111
11114114441441441414111111141111444444441113333333333333333333333411144144141444144141441411141133413333344141111111111111111111111111111111
11111411444144144141411111114111144444444333333333333333333333333141114414414144414414144141114333441333144414111111111111111111111111111111
11111141144414414414141111111411114444443333333333333333333333331414111441433414441331414414133333334333314441411111111111111111111111111111
14111114114441441441414111111141111433333333333333333333333333333141411144333441433333141441433433333333333444141111111111111111111111111111
14411111411444144144141411111114111333333333133333333333333333333414141114333333333333413333133443333333333334414111111111111111111111111111
14441111141144414414414141111133411333333333333333333333333333333441414111433333333331133333333133333333333331443311113311111111111111111111
11444111114114441441441414111133333334433433333333333333133333333144141333343333333333333333333333333333333333333311113331111111111111111111
14144411111411444144144141433333333333443343333333333333333333333334414333333333333313333333333333333333333333333331113331111111111111111111
14414441111141144414414414133333333333333333333331333333333333333334433333333333333313333333333433333333333333333333113344111111111111111111
11441444111114114441441443333333333331333333333333333333333331331333333313333333333343333333333333333333333333333333333333311111111111111111
11144144411111411444144143333333334333333343333333333333333333333333333333333333333343333333333333341333333333333334333333311111111111111111
14114414441111141144414433333333333333333334333333133333333333333331333333333333333133333333333333333333333333333333333333111111111111111111
11411441444111114114441433333333333334333333333333333333333133333333333333333333333333333333333333333333333333333333333333111111111111111111
14141144144411111433444133333333333333333333333333333333333333333333333333333333333333334333333333334333333333333333333334111111111111111111
11414114414441113333443333333333333333333333333333331331333333333333333333333333333333333333333333333333333133333333333334411111111111111111
11141411441444113333343333333333333333333333333333333333333333333333333333333333333333333333333333333333333333333333333334441111111111111111
14114141144144413333313333333333333333333333333333333333333333333333333333333333333333333333333333333333433333333333333314444111111111111111
11411414114414331333333333333333333333333333333333334333333333333333333333333333313333333333333333333333343333333333333331444411111111111111
11141141411433333333333333133333333333333333333333333333333333333333333333333333333333333333333333333333333333333333313333334441111111111111
11114114133333333333313333333333333333333133333333333333333333333333333333333333133333331333333333333333333333333333333333331334111111111111
14111411433333333333333333333333343333333333333333333333333333333333333333333333333333333333133333333333333333333333333333313333311111111111
14411141333333333333333313333333334333333333333333333333333433333333333333333333333333333333333333333333333333333333313333333333311111111111
14441133333333333333333333333333333333333333333333333333333333333333333333333333333333333333333333333333333333333333333333333333441111111111
11444133333333333333333333333333333333333333333333333333333333313333333333333313333333333333313333334333333333333333333333333333444111111111
14144414333333333333331333333334333333333333313333334333333333333333333333333333333313333333333333333333333333333333333433333333333411111111
14414441333333333333333331333333333333333333333333333333333333333333333333333333333333333333331333333333333333343313343333333333333341111111
14441444333333333333333333333333333333333433331333333333333333333333333313333333333333333133333333334331333333333333133333333333433344111111
11444143333333333333433333333333333333333333333333333333333333333333333333433333333333333333333333333333133333333333333313333133333333311111
11144433333333333313333333333333333333333333333334333333333333333333333333333333334333333333433333333333333333333333333331333333333333311111
14114433333433331333333333333334333333333333333333333333333333333333333333333333333333333333333333333333333133433333333333333333333333111111
14411443333341333333333333333333333333333333333333133331333333333333333333333334333333313333334333333133433333333333333333333333333333111111
11441143333333333333333333333333333333333333333333333333313333333333333333333333333331333333333333333333333333333333333333333333333331111111
11144114333333333333333333333333333333333333333333333333333333331333331333333333433333333333333333333333333333333333333333334333333331111111
14114411443333333333343333333333333333333333333333333333333333333333333333333333333333333334333313333333333333333333333333333333333311111111
14411441144333333333113333333333333333333333333333333333333333333333333333333333333333333333333333133333333333333333333333333333333341111111
14441144114333333333333333333333333333333333333333333333333333333333334333333333333333333333333333333333333333333343333333333333333344111111
14444114333333333333333333333333333333333333333334333333333133333333333333333331333333343333333133333333331333333333333333333133343344411111
11444411333333333313333333333333333333333333333333333333333333333333333333343333333333333333333333333433333333333333333333343333333334441111
14144443333333333333333333333333333333333333331333333333333333333333333333333333333333333333333333313333333333333333333333333333333334433111
11414443333333333333333333333333333343333333333333333333333331334333333333333333333333333333333333333333334331333333333333133333333313333111
14143334133333333333333333333333333333333333333333333333333333333333333333334333333333313333333333333333333333333333334333333333333333333111
14413331433333333333313333333333333333333333333333333313333333333333333333333333333333333333333433333333333333333333333333333333311433314411
11441333333333333333333333333333333313333333333333333333333333333333333333333333333333333313313333333333333333333333333333333133331133333341
11144333333333333333333333333333133333333333313333333333333333333333333333333333333333333333333333133133333333333333333333343333333333333333
11114333333333333333433333333133333333333333333333313333333333433333333333313333333333333333331333333333333343333333333333333333333333333333
14111433133333333333333333333333333333333333333333333333333333333133333333333333333333333333333333333333333333333313333333333333333333333333
11411143333333333333333333333333333333333333333333333333433333333333333333333333333333333333333333333333333333333333333333333333333333333311
11141133333333333333333333333333333333333333333313333333333333433333333333333333333333333333333333343333333333333333333333333333333333333311
11114133333333333333333333333333433333333333333333333333333333333331333333343333333333333333333433333333333133333313333333333333333333111111
11111433133333133433333333333333333333333333333333333333333433333333333333333333313333333333333333333333333333333333333333333333333343311111
14111144333333333333333334333333333333333333333333333333333333333333333433333333333333333333333333343333333333333333333333313333333413331111
14411114333333333333333333333333333333333333313333333333333333333333333433333333333343333333333333333333333333333333333333333333333333331111
11441111413333333333333333333333333333333333333333333333333333333333334143331133333133333333333333333333333333333331331333333333334333311111
14144111143333333333333314333333333333333333333313333333333333333133111414411113333333333333333433333333333333333333333333333333333333311111
14414411113333333333333333333333333333333333333333333333333333333333111141441133333333334333333333333333333331333333333333333333333333311111
11441441133333333333333333333433133333333333333333333333333333333333111114144333313333333333333333333333433333343333433433333333333333111111
11144144133333333333333333333333333333333333333333333333333333333333411111414333113333333333343333333333333333333333333333333333333333311111
11114414413333333333333333333333333333333333333313333333333333333333141111141331133333333333333333333333333333333333333333133433143333311111
11111441441333333333333333333333333333333333333333333333333333333331114111114334133333333333333333333333334333333333333333333333414111111111
14111144143333333333333333333333333333333333333333333343333333333334111411111441413334333333333333333333333333333333333333333311433411111111
14411114413333333333333333333333333333333333333333333333334334333341411141111143333333333333333333333343333333333333343333333333333331111111
14441111443333333333313333333333333333334331333333333333333333333333341114111113333333333333333333333333333333333333333333333333333331111111
14444113333333333333333333333333333333333333333333333333333333333333344111411113333133333333333133333333333333333333333331333333333331111111
14444413333333333333333333333333333333333333333333333333333333433331114411141111411113333334333313333343333333333333333333333333333331111111
14444441334433343333333333333333333333333333333333333333333333333411111441114111141133333333333333333333333333333333133333333333333314111111
11444444114443333333333343333433333333333433333333333333333333333341111144111411113333333333333333333333333333433333333333313333333343311111
14144444411444433333333333333333333333333333333333333333333333333344111114411141133333333334331333333333333333333333333333333333433333311111
11414444441144433333333333333333333333333333133133333333333333333444411111441114133333333333333333333331333333333333333333333333333333331111
11141444444113333333333333333333333333333333333333333133333333333144441111144111413333333333333333333333333333333333333333333333333333331111
11114144444413313333333333333333333333333333333333333333333333333334444111114411143333333333333333333333333333333133333333333333333313311111
11111414444443333333333333133333333333333333333333333333333333333333444411111441114433433333343333133333333333333333333333333333433111111111
14111141443333333333333333333333333333333333333333333333333333333333144441111144111433333333333333333333333333333333333333333333141111111111
14411114143333333333333333333334333333333333333333333333333333333111114444111113311333333333333333333333333333333333333333333333334111111111
11441111413333333333333333331333333333333333333333333433333333344411111444411113333333333333333333333333333333333333333333333333333311111111
14144111143333333333333333333333333333333333333333333433333343344441111144433133333333333333333333333333333333333333333333333333333311111111
11414411114413333343333333333333333333333333333333333333333344144444111333433433333333333333333333333333334333333333333333333333331111111111
11141441111443333333333333333333333333334333333333333333331333314444411333133334333333433333333333333333333333343313333331333333331111111111
11114144113333333333313333333333333333333333333333333333333333333444441133333333333333333333333333333333333333333333333333333313333111111111
14111414433333333333333333333333341333333333333333333333333333333333444133333333333333333333333333333331333333333333333333333333333111111111
14411141433333333333333333333333333333333333333333333334333333433333144333333333333333333333333333333331333334331333433331333333311111111111
14441114133333333333333333333333333333333333333333333333333333133333314333333333333333333333333333143333333333333333333333333333411111111111
11444111433333333333331333333333333333333333333333333333333333433333333333333333333333333333333333333333333333333333333333333333341111111111
14144411143333333333333333333333333333333333333333333334333333333333333333333333333333333333333333333333333333333333333333333333334111111111
14414441113333333333333333333333333333333333333333333333333333333333334333334333333333333333331333333333333333333334433333333333333311111111
11441444113333333333333333333333333333333333333333333333333333333333333333333333333333333433333333333333333333333333333333333433333311111111
14144144411333333333333333343333333343333333333333333433333333333334333333333333333333333333333333333333333333333333333333333333333341111111
11414414441333333333333333333333313333333333333333333333433333333333333343334333333333333333333333433333333333333333333333333333333333111111
11141441444133333333333333333333333333333333333343333333333333333333333333333333333333333333333333333333333333333333333331333333333333111111
11114144144433333333331333333333333333333343333333333333333343333333333333333333333333333333333333333333333331333333333333333333333333111111
14111414414443333333333333333333333333333333333433333333333333313333333433333333133333333333333333331333333333333343333333333343333333111111
14411141441443333333333333333333334333333333333333333333333333333333333333333331333333333333333333333333333333333333333333333333333333333111
14441114144144333343333333333333333333334333333333333333333333331333334333333333333333333333313333333333333433333333313333333333333333333311
11444111414414433333333333333333333333333333333333333133343333333333333333333333334333333333333333333333333333333333333333333333333333333311
14144411141443333333333333333333333333333333333333333333334333333333333333333333333433333333333333333333333333333333333333333333333333311111
14414441114143333333343333313333333333331333333343333333333333333333333331333333333333333333333333333333333333333333333333333313333333111111
11441444111414133331333333333333333333333333433333333343333333333333333333333333333333333333333333333333333333333333333333333333333333111111
11144144413333333333333333333333333333333333343333333333333333333333333333333333333333333333333333333333333333333333333334333333333333111111
11114414443333333333333333333333433333333333333333333433333333333333333333333333333333333333333333333333333333333333333333333333333411111111
14111441443333333333433333333333333333333313333333333333333333333333333343333333333333333333333333333333333333333333333333333333333331111111
11411144143333333333333333333334333333333333333333333333333333333333333333333333333333333333333333333333333333333333333333333333333331111111
11141114413331333333333333333333333333333333133333333333333333333333333333433333333333333333333333333333333333333333333333333333333331111111
11114111443333333333333333333333333333333333333333333333333333333333333333333333333333333333333333333333333333433333333433133333333331111111
11111411144333333333333333333333333333333331333334333333333333333333333333333133333333333333333333333333333333333333333333333333333331111111
11111141133333333333333333333333333333333333333333333333333333333333333333333313333331333333333333333333333333333433333333333333333311111111
11111114133333333333333333313333343333333333333333333343333333333433333333333333333343333333333333333143333333333333343333333333333311111111
11111111414331143333333333333331333333333333333133333333333333333333333333333333333333333333333333333333333333333333333333333333331111111111
11111111141331333333333333333333333333333343333333333333331333333333333333333333313333313333331333333333333333333333333333333313331111111111
11111111114111333333333333333333333333333334333333333333333333333333333333333333333333433333333333333333333333333333333333333333311111111111
11111111111413333333333333333333333333333333333133333333313333333333333333333333333333333333313333333333333333333333333333333333331111111111
11111111111143333333333333333333333333333333333333313333333433333333333333333333313333333333333333333333333333333343333333333333334111111111
11111111111133333331133333333333333333333333333333333333333333333333333333433333333333333333133333333333333333333333333333333333333311111111
11111111111133333333333333333333333333333333433333333333333333333333333333333333333333333333333333333333333333333333133333333333333311111111
11111111111114333333333133333333333333333333333333333333333333333333333333333333333333333333333333333333333333333333333333311144333331111111
11111111111111331433333333333333333333333333333333333333333333333333333333333333333331333333333333333333333333333133333333333314333331111111
11111111111111111133133333333333333333333333333333333333333333333333333333333333333333333333333333333333333333333333333333333341333111111111
11111111111111111111113313333333333333333333333333333333333333333333333333333433333333333333333333333333333333333333333333333344333311111111
11111111111111111111111411133333333333333333333333333334333333334333333333333333333333333333333433333333433334333333333333331114433311111111
11111111111111111111111141113341333333334333334333333333333333333333333333433333333333333333333333333333333333333111111111331111443311111111
11111111111111111111111114133313333333333333333333333333333333333333333333343333333333333333333333333333333333333311111111111111143311111111
11111111111111111111111111433333333333333333333333334333333333333333333333333333333333333333313333333333334331333311111111111111113311111111
11111111111111111111111111143333333333333333333333333333333333333333333333333333333333333333333333333333333311111111111111111111111111111111
11111111111111111111111111113333133333333433313333313333333333333333331333343333333333333333333333333333333311111111111111111111111111111111
11111111111111111111111111111111433333333333333333333333333333333333333133333333333333333333333333333333333111111111111111111111111111111111
11111111111111111111111111111111144333333331333333333333333333333333333333333333333333333333333333333333333311111111111111111111111111111111
11111111111111111111111111111111114413313331113333333333333333333333333333433143343333331331331433333333333311111111111111111111111111111111
11111111111111111111111111111111111433311331111333333333333333333333333331133114433333333333333133333334333311111111111111111111111111111111
11111111111111111111111111111111111133311111111133331333333143333333331331111111433333343333333333333333331111111111111111111111111111111111
11111111111111111111111111111111111111111111111133331333333333333333333331111111141133333333333333333333311111111111111111111111111111111111
11111111111111111111111111111111111111111111111114133333433334133333333333111111114333333333333333333333311111111111111111111111111111111111
11111111111111111111111111111111111111111111111111433333333331433333333333111111111333333331333333333331111111111111111111111111111111111111
11111111111111111111111111111111111111111111111111144333333331143333333331111111111114333333333144333111111111111111111111111111111111111111
11111111111111111111111111111111111111111111111111114333333111113333133331111111111111333313331113331111111111111111111111111111111111111111
11111111111111111111111111111111111111111111111111111331333111111111111111111111111111113311111113331111111111111111111111111111111111111111
11111111111111111111111111111111111111111111111111111111111111111111111111111111111111111111111111331111111111111111111111111111111111111111